3 1 2 h
1 1 2 h
4 0 3 v
6 0 2 v
4 3 3 v
5 4 2 h
3 5 3 v
6 2 3 h

3 1 2 h
1 1 2 h
3 0 3 v
6 0 2 v
4 3 3 v
5 4 2 h
3 5 3 v
6 2 3 h

3 1 2 h
1 1 2 h
3 0 3 v
5 0 2 v
4 3 3 v
5 4 2 h
3 5 3 v
6 2 3 h

3 1 2 h
1 1 2 h
3 0 3 v
5 0 2 v
4 3 3 v
5 3 2 h
3 5 3 v
6 2 3 h

3 1 2 h
1 1 2 h
3 0 3 v
5 0 2 v
4 3 3 v
5 2 2 h
3 5 3 v
6 2 3 h

3 1 2 h
1 1 2 h
3 0 3 v
5 0 2 v
4 3 3 v
5 1 2 h
3 5 3 v
6 2 3 h

3 1 2 h
1 1 2 h
3 0 3 v
5 0 2 v
5 3 3 v
5 1 2 h
3 5 3 v
6 2 3 h

3 1 2 h
1 1 2 h
3 0 3 v
5 0 2 v
5 3 3 v
5 1 2 h
4 5 3 v
6 2 3 h

3 1 2 h
1 1 2 h
3 0 3 v
5 0 2 v
5 3 3 v
5 1 2 h
5 5 3 v
6 2 3 h

3 1 2 h
1 1 2 h
3 0 3 v
5 0 2 v
5 3 3 v
5 1 2 h
6 5 3 v
6 2 3 h

3 1 2 h
1 1 2 h
3 0 3 v
5 0 2 v
5 3 3 v
5 1 2 h
6 5 3 v
6 1 3 h

3 1 2 h
1 1 2 h
3 0 3 v
5 0 2 v
5 3 3 v
5 1 2 h
6 5 3 v
6 0 3 h

3 1 2 h
1 1 2 h
3 0 3 v
5 0 2 v
6 3 3 v
5 1 2 h
6 5 3 v
6 0 3 h

3 2 2 h
1 1 2 h
3 0 3 v
5 0 2 v
6 3 3 v
5 1 2 h
6 5 3 v
6 0 3 h

3 3 2 h
1 1 2 h
3 0 3 v
5 0 2 v
6 3 3 v
5 1 2 h
6 5 3 v
6 0 3 h

3 4 2 h
1 1 2 h
3 0 3 v
5 0 2 v
6 3 3 v
5 1 2 h
6 5 3 v
6 0 3 h

